rawdata/posi00000000.bmp 1 483 344 240 248
rawdata/posi00000001.bmp 1 441 298 264 270
rawdata/posi00000002.bmp 1 446 346 284 296
rawdata/posi00000003.bmp 1 464 349 334 325
rawdata/posi00000004.bmp 1 592 283 125 121
rawdata/posi00000005.bmp 1 636 342 131 124
rawdata/posi00000006.bmp 1 387 355 99 75
rawdata/posi00000007.bmp 1 381 368 99 72
rawdata/posi00000008.bmp 1 260 300 199 198
rawdata/posi00000009.bmp 1 297 303 193 197
rawdata/posi00000010.bmp 1 367 327 198 197
rawdata/posi00000011.bmp 1 414 354 199 201
rawdata/posi00000012.bmp 1 461 404 196 192
rawdata/posi00000013.bmp 1 507 450 193 182
rawdata/posi00000014.bmp 1 558 399 196 195
rawdata/posi00000015.bmp 1 583 322 211 209
rawdata/posi00000016.bmp 1 559 299 217 212
rawdata/posi00000017.bmp 1 614 241 206 218
rawdata/posi00000018.bmp 1 329 268 142 127
rawdata/posi00000019.bmp 1 308 257 130 127
rawdata/posi00000020.bmp 1 322 256 135 125
rawdata/posi00000021.bmp 1 333 256 135 132
rawdata/posi00000022.bmp 1 268 272 137 138
rawdata/posi00000023.bmp 1 291 279 144 137
rawdata/posi00000024.bmp 1 336 268 132 143
rawdata/posi00000025.bmp 1 339 253 138 142
rawdata/posi00000026.bmp 1 356 289 141 131
rawdata/posi00000027.bmp 1 338 284 136 131
rawdata/posi00000028.bmp 1 188 215 91 100
rawdata/posi00000029.bmp 1 267 176 84 103
rawdata/posi00000030.bmp 1 253 163 75 109
rawdata/posi00000031.bmp 1 304 328 312 289
rawdata/posi00000032.bmp 1 411 380 284 266
rawdata/posi00000033.bmp 1 518 464 238 218
rawdata/posi00000034.bmp 1 575 476 210 199
rawdata/posi00000035.bmp 1 541 436 193 183
rawdata/posi00000036.bmp 1 527 448 162 153
rawdata/posi00000037.bmp 1 529 468 138 129
rawdata/posi00000038.bmp 1 537 459 130 125
rawdata/posi00000039.bmp 1 529 450 122 115
rawdata/posi00000040.bmp 1 528 470 109 102
rawdata/posi00000041.bmp 1 406 360 100 99
rawdata/posi00000042.bmp 1 378 353 92 91
rawdata/posi00000043.bmp 1 489 425 104 104
rawdata/posi00000044.bmp 1 454 379 108 130
rawdata/posi00000045.bmp 1 284 260 255 253
rawdata/posi00000046.bmp 1 386 293 236 235
rawdata/posi00000047.bmp 1 473 294 221 222
rawdata/posi00000048.bmp 1 561 340 189 196
rawdata/posi00000049.bmp 1 579 377 156 158
rawdata/posi00000050.bmp 1 584 436 118 120
rawdata/posi00000051.bmp 1 589 428 94 97
rawdata/posi00000052.bmp 1 589 453 81 79
rawdata/posi00000053.bmp 1 596 443 72 72
rawdata/posi00000054.bmp 1 571 448 64 64
rawdata/posi00000055.bmp 1 553 358 112 114
rawdata/posi00000056.bmp 1 559 358 113 109
rawdata/posi00000057.bmp 1 553 436 120 113
rawdata/posi00000058.bmp 1 544 454 119 126
rawdata/posi00000059.bmp 1 532 460 120 121
rawdata/posi00000060.bmp 1 541 309 107 118
rawdata/posi00000061.bmp 1 547 324 109 117
rawdata/posi00000062.bmp 1 665 494 119 122
rawdata/posi00000063.bmp 1 600 380 168 176
rawdata/posi00000064.bmp 1 592 382 193 206
rawdata/posi00000065.bmp 1 608 379 258 269
rawdata/posi00000066.bmp 1 533 416 54 53
rawdata/posi00000067.bmp 1 248 253 305 296
rawdata/posi00000068.bmp 1 513 288 178 177
rawdata/posi00000069.bmp 1 505 310 150 146
rawdata/posi00000070.bmp 1 526 326 117 121
rawdata/posi00000071.bmp 1 538 356 100 103
rawdata/posi00000072.bmp 1 528 344 89 92
rawdata/posi00000073.bmp 1 533 360 80 85
rawdata/posi00000074.bmp 1 379 336 127 128
rawdata/posi00000075.bmp 1 372 340 129 126
rawdata/posi00000076.bmp 1 361 319 133 130
rawdata/posi00000077.bmp 1 378 302 134 134
rawdata/posi00000078.bmp 1 386 284 135 133
rawdata/posi00000079.bmp 1 373 241 136 138
rawdata/posi00000080.bmp 1 352 235 143 142
rawdata/posi00000081.bmp 1 340 220 147 144
rawdata/posi00000082.bmp 1 359 213 152 151
rawdata/posi00000083.bmp 1 344 214 179 179
rawdata/posi00000084.bmp 1 317 213 208 200
rawdata/posi00000085.bmp 1 296 177 232 229
rawdata/posi00000086.bmp 1 258 157 275 273
rawdata/posi00000087.bmp 1 190 124 310 313
rawdata/posi00000088.bmp 1 123 86 372 384
rawdata/posi00000089.bmp 1 158 80 438 432
rawdata/posi00000090.bmp 1 187 69 405 403
rawdata/posi00000091.bmp 1 253 167 272 274
rawdata/posi00000092.bmp 1 433 251 180 181
rawdata/posi00000093.bmp 1 436 281 121 120
rawdata/posi00000094.bmp 1 424 282 99 95
rawdata/posi00000095.bmp 1 435 280 87 85
rawdata/posi00000096.bmp 1 461 267 84 85
rawdata/posi00000097.bmp 1 453 248 83 84
rawdata/posi00000098.bmp 1 443 240 79 80
rawdata/posi00000099.bmp 1 439 256 72 71
rawdata/posi00000100.bmp 1 396 254 173 172
rawdata/posi00000101.bmp 1 410 279 173 183
rawdata/posi00000102.bmp 1 460 274 155 154
rawdata/posi00000103.bmp 1 464 324 157 163
rawdata/posi00000104.bmp 1 476 361 157 161
rawdata/posi00000105.bmp 1 285 185 440 434
rawdata/posi00000106.bmp 1 302 218 430 407
rawdata/posi00000107.bmp 1 345 252 365 361
rawdata/posi00000108.bmp 1 409 339 322 326
rawdata/posi00000109.bmp 1 467 373 284 290
rawdata/posi00000110.bmp 1 552 468 233 236
rawdata/posi00000111.bmp 1 642 479 207 227
rawdata/posi00000112.bmp 1 689 445 193 218
rawdata/posi00000113.bmp 1 661 328 186 218
rawdata/posi00000114.bmp 1 583 261 182 220
rawdata/posi00000115.bmp 1 525 352 128 112
rawdata/posi00000116.bmp 1 532 359 121 111
rawdata/posi00000117.bmp 1 601 254 122 130
rawdata/posi00000118.bmp 1 617 303 124 133
rawdata/posi00000119.bmp 1 637 335 128 132
rawdata/posi00000120.bmp 1 687 374 130 120
rawdata/posi00000121.bmp 1 688 408 127 108
rawdata/posi00000122.bmp 1 572 410 92 96
rawdata/posi00000123.bmp 1 614 357 102 101
rawdata/posi00000124.bmp 1 583 396 111 109
rawdata/posi00000125.bmp 1 601 412 111 108
rawdata/posi00000126.bmp 1 514 399 63 61
rawdata/posi00000127.bmp 1 538 405 63 61
rawdata/posi00000128.bmp 1 503 420 71 72
rawdata/posi00000129.bmp 1 502 414 82 78
rawdata/posi00000130.bmp 1 531 398 82 81
rawdata/posi00000131.bmp 1 539 388 91 80
rawdata/posi00000132.bmp 1 511 394 93 85
rawdata/posi00000133.bmp 1 528 372 100 92
rawdata/posi00000134.bmp 1 563 375 103 96
rawdata/posi00000135.bmp 1 610 374 114 111
rawdata/posi00000136.bmp 1 515 412 124 101
rawdata/posi00000137.bmp 1 551 421 119 105
rawdata/posi00000138.bmp 1 693 396 116 103
rawdata/posi00000139.bmp 1 671 404 124 109
rawdata/posi00000140.bmp 1 666 418 128 121
rawdata/posi00000141.bmp 1 673 418 135 129
rawdata/posi00000142.bmp 1 680 448 140 142
rawdata/posi00000143.bmp 1 691 466 138 140
rawdata/posi00000144.bmp 1 697 479 147 143
rawdata/posi00000145.bmp 1 705 493 151 153
rawdata/posi00000146.bmp 1 711 483 150 149
rawdata/posi00000147.bmp 1 720 466 152 147
rawdata/posi00000148.bmp 1 702 465 143 136
rawdata/posi00000149.bmp 1 722 408 132 136
rawdata/posi00000150.bmp 1 656 241 129 137
rawdata/posi00000151.bmp 1 613 238 125 123
rawdata/posi00000152.bmp 1 562 247 121 129
rawdata/posi00000153.bmp 1 552 295 113 118
rawdata/posi00000154.bmp 1 540 304 102 118
rawdata/posi00000155.bmp 1 449 396 97 109
rawdata/posi00000156.bmp 1 434 366 99 112
rawdata/posi00000157.bmp 1 599 296 107 111
rawdata/posi00000158.bmp 1 585 304 115 118
rawdata/posi00000159.bmp 1 579 357 116 125
rawdata/posi00000160.bmp 1 561 418 121 128
rawdata/posi00000161.bmp 1 560 429 125 129
rawdata/posi00000162.bmp 1 313 142 460 452
rawdata/posi00000163.bmp 1 390 205 319 320
rawdata/posi00000164.bmp 1 326 225 273 267
rawdata/posi00000165.bmp 1 289 224 242 250
rawdata/posi00000166.bmp 1 271 236 215 236
rawdata/posi00000167.bmp 1 321 235 195 213
rawdata/posi00000168.bmp 1 341 240 189 220
rawdata/posi00000169.bmp 1 374 225 171 211
rawdata/posi00000170.bmp 1 447 217 178 206
rawdata/posi00000171.bmp 1 445 221 156 195
rawdata/posi00000172.bmp 1 544 341 159 144
rawdata/posi00000173.bmp 1 577 326 156 150
rawdata/posi00000174.bmp 1 585 313 158 147
rawdata/posi00000175.bmp 1 561 318 155 150
rawdata/posi00000176.bmp 1 549 339 153 153
rawdata/posi00000177.bmp 1 558 469 153 154
rawdata/posi00000178.bmp 1 563 536 158 153
rawdata/posi00000179.bmp 1 553 596 162 148
rawdata/posi00000180.bmp 1 593 465 151 139
rawdata/posi00000181.bmp 1 610 312 159 151
rawdata/posi00000182.bmp 1 626 236 159 155
rawdata/posi00000183.bmp 1 694 274 116 128
rawdata/posi00000184.bmp 1 715 260 102 122
rawdata/posi00000185.bmp 1 703 257 86 127
rawdata/posi00000186.bmp 1 668 176 77 127
rawdata/posi00000187.bmp 1 648 171 78 127
rawdata/posi00000188.bmp 1 634 155 78 125
rawdata/posi00000189.bmp 1 623 143 85 125
rawdata/posi00000190.bmp 1 614 157 91 124
rawdata/posi00000191.bmp 1 554 179 96 125
rawdata/posi00000192.bmp 1 511 170 111 119
rawdata/posi00000193.bmp 1 387 277 126 115
rawdata/posi00000194.bmp 1 495 290 169 180
rawdata/posi00000195.bmp 1 481 316 188 180
rawdata/posi00000196.bmp 1 487 330 187 194
rawdata/posi00000197.bmp 1 476 346 186 194
rawdata/posi00000198.bmp 1 477 348 197 202
rawdata/posi00000199.bmp 1 484 372 206 212
